45 85 62 5 7 2 99 8 65 8 7 5 8 4 9 5 8 2 5 8 4 6 6 5 4 8 151 8 4 2 84 5 1 61 485
45 8 45 6 5 98 59 5 65 95 65 659 95 4 94 954 94 94 949 468 45 4 546 54654 84 5 5
4 6846 654 6854 5 6546 654 22 8546 54684 21 6845 16 45 84 512 168 4654 21 65 5
788 7 81 516 46 51 651 651 651 651 2 581 54 51 6532 135 9841221 384 12 
10 9 8 7 6 5 4 3 2 1 -1 -2 -3 -7 -98 -6 45 69 1 2 3 4 5 6 7 8 9
987 654 321 301

adsf 41as sdasf 4654

54548 54 /4 /756 1 5612
8 9 6 85 7 58 2 56 3 2 5 2 4 2 1 5 2 5 4
YOUnasjnfd lkanskl dnasjilbn