1 2 2 2 4 4 4 4 5 5 5 5 5 5 6 6 7 7 8 8 8 8 8 8 8 9 45 61 62 65 84 85 99 151 485 
4 4 5 5 5 5 6 8 45 45 45 59 65 65 84 94 94 94 95 95 98 468 546 659 949 954 54654 
4 5 5 16 21 21 22 45 65 84 168 512 654 654 4654 6546 6845 6846 6854 8546 54684 
2 7 12 46 51 51 54 81 135 384 516 581 651 651 651 651 788 6532 9841221 
-98 -7 -6 -3 -2 -1 1 1 2 2 3 3 4 4 5 5 6 6 7 7 8 8 9 9 10 45 69 
301 321 654 987 
ERROR: Empty line
ERROR: Invalid number
ERROR: Empty line
ERROR: Invalid number
1 2 2 2 2 2 3 4 4 5 5 5 6 7 8 9 56 58 85 
ERROR: Invalid number
